0 0.0322265625 0.6409505208333334 0.0244140625 0.07096354166666667
0 0.06494140625 0.6344401041666666 0.021484375 0.07096354166666667
0 0.04296875 0.6116536458333334 0.015625 0.039713541666666664
0 0.078369140625 0.6100260416666666 0.01708984375 0.053385416666666664
0 0.152587890625 0.6311848958333334 0.02392578125 0.064453125
0 0.2099609375 0.6217447916666666 0.017578125 0.053385416666666664
0 0.271240234375 0.6041666666666666 0.01611328125 0.049479166666666664
0 0.288330078125 0.5966796875 0.01123046875 0.042317708333333336
0 0.31201171875 0.5862630208333334 0.0107421875 0.038411458333333336
0 0.35302734375 0.5810546875 0.01171875 0.034505208333333336
