0 0.0732421875 0.5559895833333334 0.01953125 0.061197916666666664
0 0.068603515625 0.5172526041666666 0.01025390625 0.034505208333333336
0 0.17529296875 0.5384114583333334 0.017578125 0.05078125
0 0.153076171875 0.5110677083333334 0.01318359375 0.032552083333333336
0 0.23486328125 0.5270182291666666 0.0146484375 0.042317708333333336
0 0.21337890625 0.50390625 0.01171875 0.028645833333333332
0 0.27685546875 0.5192057291666666 0.015625 0.041015625
0 0.307861328125 0.5126953125 0.01416015625 0.037109375
0 0.338623046875 0.5068359375 0.01220703125 0.030598958333333332
0 0.638671875 0.5166015625 0.0126953125 0.039713541666666664
