0 0.372802734375 0.4983723958333333 0.01025390625 0.029296875
0 0.34716796875 0.5029296875 0.0126953125 0.030598958333333332
0 0.3212890625 0.5084635416666666 0.0126953125 0.033854166666666664
0 0.288330078125 0.5152994791666666 0.01416015625 0.038411458333333336
0 0.257080078125 0.4973958333333333 0.01220703125 0.02734375
0 0.2412109375 0.5224609375 0.017578125 0.042317708333333336
0 0.206787109375 0.5045572916666666 0.01318359375 0.029947916666666668
0 0.167236328125 0.5367838541666666 0.02001953125 0.048828125
0 0.13720703125 0.5113932291666666 0.015625 0.034505208333333336
0 0.060791015625 0.5146484375 0.01416015625 0.037109375
