0 0.392578125 0.4944661458333333 0.009765625 0.026692708333333332
0 0.37060546875 0.4993489583333333 0.01171875 0.029947916666666668
0 0.34619140625 0.5032552083333334 0.0126953125 0.03125
0 0.318115234375 0.5078125 0.01318359375 0.033854166666666664
0 0.279052734375 0.5159505208333334 0.01513671875 0.037109375
0 0.23828125 0.4986979166666667 0.0107421875 0.02734375
0 0.215576171875 0.52734375 0.01611328125 0.04296875
0 0.175537109375 0.5052083333333334 0.01123046875 0.029947916666666668
0 0.10693359375 0.5100911458333334 0.0126953125 0.031901041666666664
0 0.283447265625 0.4944661458333333 0.00830078125 0.024088541666666668
