0 0.636962890625 0.5074869791666666 0.01123046875 0.034505208333333336
0 0.36181640625 0.5013020833333334 0.0107421875 0.028645833333333332
0 0.33447265625 0.5065104166666666 0.013671875 0.033854166666666664
0 0.306396484375 0.5110677083333334 0.01513671875 0.037760416666666664
0 0.271484375 0.5179036458333334 0.0146484375 0.039713541666666664
0 0.24267578125 0.5 0.01171875 0.024739583333333332
0 0.220703125 0.5257161458333334 0.015625 0.043619791666666664
0 0.189208984375 0.5045572916666666 0.01220703125 0.032552083333333336
0 0.13916015625 0.5413411458333334 0.01953125 0.051432291666666664
0 0.116943359375 0.513671875 0.01416015625 0.033854166666666664
0 0.034912109375 0.5169270833333334 0.01513671875 0.036458333333333336
