0 0.00830078125 0.5218098958333334 0.0166015625 0.039713541666666664
0 0.10791015625 0.5481770833333334 0.017578125 0.055989583333333336
0 0.093017578125 0.515625 0.01220703125 0.033854166666666664
0 0.171630859375 0.5074869791666666 0.01318359375 0.033203125
0 0.199951171875 0.53125 0.02001953125 0.046875
0 0.228759765625 0.5009765625 0.01123046875 0.027994791666666668
0 0.25390625 0.5211588541666666 0.0205078125 0.042317708333333336
0 0.2919921875 0.5139973958333334 0.015625 0.039713541666666664
0 0.322021484375 0.5087890625 0.01220703125 0.034505208333333336
0 0.35009765625 0.5032552083333334 0.01171875 0.029947916666666668
0 0.638427734375 0.5120442708333334 0.01318359375 0.038411458333333336
