0 0.382568359375 0.4964192708333333 0.01025390625 0.026692708333333332
0 0.359375 0.5013020833333334 0.0107421875 0.028645833333333332
0 0.334228515625 0.505859375 0.01123046875 0.033854166666666664
0 0.304443359375 0.5120442708333334 0.01318359375 0.038411458333333336
0 0.26953125 0.4964192708333333 0.0107421875 0.025390625
0 0.26025390625 0.5192057291666666 0.013671875 0.039713541666666664
0 0.222412109375 0.5032552083333334 0.01220703125 0.028645833333333332
0 0.19140625 0.5319010416666666 0.017578125 0.045572916666666664
0 0.15673828125 0.5091145833333334 0.0126953125 0.03125
0 0.08447265625 0.5126953125 0.0126953125 0.034505208333333336
